     42    34    31    39
    108    34    31    39
    142    34    31    39
    213    34    31    39

    11    242    37    39
    55    242    37    39
    96    242    37    39
   145    242    37    39
   200    242    37    39
   250    242    37    39
   299    242    37    39
   342    242    37    39
   382    242    37    39
   424    242    37    39
   470    242    37    39
   513    242    37    39
   
    42    123    40    37

    43    185    37    38

    18    307    28    26
    51    310    30    33
    36    310    22    23
   123    309    26    24
   153    306    26    37
   183    305    28    38
   215    304    27    39
   246    304    26    39
   277    304    23    39
   304    306    25    37
   334    308    25    35
   363    310    27    33
   394    315    30    28
   428    314    28    29
   461    315    26    28
   491    316    25    27
   520    318    26    25
    16    348    26    23
    47    352    27    19
    78    358    34    13
   115    357    33    14

    17    403    32    34
    54    404    31    34
    90    400    30    39
   124    404    38    35
   165    407    38    25
   209    406    38    26
   251    404    38    28
   293    403    34    30
   331    404    34    31
   369    404    28    33
   400    404    24    37
   429    403    23    40
   456    402    22    45
   484    410    24    36
   513    416    32    30
    19    443    30    28
    53    448    31    23
    88    459    38    12


    97    495    31    32



